GPS, Bus = A1
Collected on 30 June 2017 0941
1.2919898173916589,103.78037687549245,1.0
1.2919898173916589,103.78037687549245,2.0
1.2919898173916589,103.78037687549245,3.0
1.2919898173916589,103.78037687549245,4.0
1.2919898173916589,103.78037687549245,5.0
1.2919898173916589,103.78037687549245,6.0
1.2919898173916589,103.78037687549245,7.0
1.2919898173916589,103.78037687549245,8.0
1.2919935089139873,103.78037909310893,9.0
1.2919984865986773,103.78038057514898,10.0
1.2920033416397347,103.78038231644392,11.0
1.292007821851477,103.78038561205909,12.0
1.2920077964124455,103.78038558589701,13.0
1.292007796118575,103.78038558553843,14.0
1.2920077961152956,103.78038558553482,15.0
1.2920077961152683,103.78038558553479,16.0
1.2920077961152678,103.78038558553479,17.0
1.2920077961152678,103.78038558553479,18.0
1.2920077961152678,103.78038558553479,19.0
1.2920077961152678,103.78038558553479,20.0
1.2920077961152678,103.78038558553479,21.0
1.292018817079999,103.78038245581446,22.0
1.2920229749819436,103.780382763876,23.0
1.2920260587109014,103.78038296896513,24.0
1.2920260091276325,103.78038296897998,25.0
1.2920280548327112,103.78038826875974,26.0
1.2920253755024347,103.78039362137241,27.0
1.2920201188765197,103.78039952040746,28.0
1.2920141458804566,103.78040653940566,29.0
1.2920141458804566,103.78040653940566,30.0
1.29201414427137,103.780406539503,31.0
1.2920141442522675,103.78040653950305,32.0
1.2920079651706866,103.78040593241022,33.0
1.2920011321040465,103.78040330869175,34.0
1.2920011321040465,103.78040330869175,35.0
1.292001061868226,103.78040326976458,36.0
1.2919878055915344,103.78041743599056,37.0
1.2919877008201466,103.78041746989528,38.0
1.2919798573328696,103.78042203797077,39.0
1.2919797939590958,103.78042203748842,40.0
1.2919797932521053,103.78042203746203,41.0
1.2919455269472373,103.78042157073868,42.0
1.291919070802595,103.78042023486003,43.0
1.2918705683933558,103.78041871929875,44.0
1.2918317723758392,103.78041778454524,45.0
1.2918199482406527,103.78041037037738,46.0
1.2918039064748108,103.78040113531587,47.0
1.291789339131819,103.78040066198453,48.0
1.2917722509355642,103.7804054623456,49.0
1.2917504733430878,103.78041017862643,50.0
1.2917160074347598,103.78041838458014,51.0
1.2916797709975272,103.78043102549634,52.0
1.291640649939004,103.7804447203893,53.0
1.2915752098122684,103.78047175939248,54.0
1.2915060695664529,103.7805008426308,55.0
1.291438229412894,103.78053365987911,56.0
1.2914007066861743,103.78054906706019,57.0
1.2913666750226445,103.7805681351225,58.0
1.2913373830548087,103.78059130700144,59.0
1.2913105846172248,103.78061339602486,60.0
1.2912825796187495,103.78064922003097,61.0
1.2912517557896308,103.7806887251176,62.0
1.2912233007143759,103.7807252624675,63.0
1.2911993930087766,103.78076918098168,64.0
1.2911773881664526,103.78081328608621,65.0
1.2911551787989597,103.7808608806276,66.0
1.2911416801039362,103.78090840228526,67.0
1.2911332100439754,103.78096217174816,68.0
1.2911315571345552,103.7810132563419,69.0
1.291131775566673,103.78106196737613,70.0
1.291132440844661,103.78111151169357,71.0
1.2911409531259364,103.78116269537234,72.0
1.2911504818733845,103.7812153567275,73.0
1.2911611438197392,103.78127172007098,74.0
1.2911750121443988,103.78132720119879,75.0
1.2911917633682457,103.78138031013088,76.0
1.2912142643527245,103.781462287884,77.0
1.291229159612369,103.78151693439176,78.0
1.2912424088810865,103.78157161144148,80.0
1.291257108692799,103.7816250726472,81.0
1.2912759988844256,103.78167666597524,82.0
1.2912960528211845,103.78172939928928,83.0
1.291317374826514,103.78178262320736,84.0
1.2913417863446635,103.7818344876799,85.0
1.2913623480179275,103.78188889041054,86.0
1.2913836648811738,103.78194514455699,87.0
1.2914041870757067,103.78199338321531,88.0
1.2914268737496797,103.7820431352164,89.0
1.2914500182409623,103.78208944771598,90.0
1.291470522880153,103.78214004199566,91.0
1.2915040215225038,103.78221814410949,92.0
1.2915285508203358,103.78227503258744,93.0
1.2915456195601753,103.78233111858827,94.0
1.2915611929763393,103.78238452230315,95.0
1.2915951143722744,103.7824421154966,96.0
1.2916282185055485,103.78251459466931,97.0
1.2916471876561721,103.78258578640536,98.0
1.2916679117507122,103.78265501058314,99.0
1.2916928074691656,103.78272006569624,100.0
1.2917069299932589,103.78275218171451,101.0
1.2917218797003809,103.78278644163859,102.0
1.2917371722833637,103.78282925980147,103.0
1.2917554593635483,103.78286682673841,104.0
1.29177751404188,103.78290074425823,105.0
1.2917973311645008,103.78293427282782,106.0
1.291815511168718,103.78296528107026,107.0
1.2918327470525812,103.7830036422007,108.0
1.291852449226021,103.78304107392512,109.0
1.2918711480464826,103.78306200448532,110.0
1.2918876398043355,103.78308043479188,111.0
1.2919056802613025,103.78309768722004,112.0
1.2919202627031778,103.78311435703266,113.0
1.2919337453598763,103.7831333870046,114.0
1.2919388403746026,103.7831569112561,115.0
1.291939757493557,103.78318680845074,116.0
1.2919342805727232,103.7832269843189,117.0
1.2919280712172414,103.78325429033355,118.0
1.2919256215612027,103.78327593965001,119.0
1.2919145728627013,103.78329454015153,120.0
1.2919078036124574,103.78329786696237,121.0
1.2919029488199418,103.78330274859783,122.0
1.2918999148367,103.78331423800988,123.0
1.2918946565807126,103.78333049184444,124.0
1.2918834920269329,103.78334092337504,125.0
1.2918834906840502,103.78334092375691,126.0
1.2918834906950294,103.78334092369658,127.0
1.2918788534964416,103.78333538708192,128.0
1.291876730427994,103.78333493963359,129.0
1.2918739403686987,103.7833351012796,130.0
1.291873903214317,103.78333510396764,131.0
1.2918739028099633,103.78333510397873,132.0
1.291873902805499,103.78333510397897,133.0
1.2918739028054524,103.78333510397897,134.0
1.2918739028054518,103.78333510397897,135.0
1.2918739028054518,103.78333510397897,136.0
1.2918739028054518,103.78333510397897,137.0
1.2918739028054518,103.78333510397897,138.0
1.2918739028054518,103.78333510397897,139.0
1.2918739028054518,103.78333510397897,140.0
1.2918739028054518,103.78333510397897,141.0
1.2918739028054518,103.78333510397897,142.0
1.291867065748426,103.78334914932697,143.0
1.2918670276955737,103.7833492131616,144.0
1.2918670274141824,103.78334921363204,145.0
1.291867027410749,103.78334921363792,146.0
1.291867027410712,103.78334921363799,147.0
1.2918670274107116,103.78334921363799,148.0
1.2918670274107116,103.78334921363799,149.0
1.2918670274107116,103.78334921363799,150.0
1.2918670274107116,103.78334921363799,151.0
1.2918670274107116,103.78334921363799,152.0
1.2918670274107116,103.78334921363799,153.0
1.2918670274107116,103.78334921363799,154.0
1.2918670274107116,103.78334921363799,155.0
1.2918670274107116,103.78334921363799,156.0
1.2918670274107116,103.78334921363799,157.0
1.2918670274107116,103.78334921363799,158.0
1.2918670274107116,103.78334921363799,159.0
1.2918670274107116,103.78334921363799,160.0
1.2918670274107116,103.78334921363799,161.0
1.2918670274107116,103.78334921363799,162.0
1.2918670274107116,103.78334921363799,163.0
1.2918670274107116,103.78334921363799,164.0
1.2918670274107116,103.78334921363799,165.0
1.2918670274107116,103.78334921363799,166.0
1.2918670274107116,103.78334921363799,167.0
1.2918669921651558,103.78334894266537,168.0
1.2918668531015216,103.7833483713272,169.0
1.291866470080805,103.7833474114428,170.0
1.2918616473909454,103.78335282537262,171.0
1.291850500655161,103.7833674703471,172.0
1.2918363125174241,103.78338867210256,173.0
1.2918240968181596,103.78340879009043,174.0
1.2918110145129638,103.78342831428557,175.0
1.29179870706761,103.78345484607215,176.0
1.2917882244611971,103.78348791581486,177.0
1.2917870971890046,103.78352759596147,178.0
1.2917963083266886,103.78356849880566,179.0
1.291813801034554,103.78360518377684,180.0
1.2918392280201283,103.783643056956,181.0
1.2918698895971064,103.78368023190123,182.0
1.2919041821537707,103.78371666616754,183.0
1.291935479992085,103.78375332657873,184.0
1.2919748576652943,103.78380325975824,185.0
1.2919983571193254,103.78383672213785,186.0
1.2920419194270931,103.78388137483519,187.0
1.292060437260125,103.78390261125324,188.0
1.292078283222547,103.78392326359544,189.0
1.292095425318297,103.78394235004362,190.0
1.2921075242222404,103.78395725276012,191.0
1.2921117571669034,103.78396485696443,192.0
1.2921132965107889,103.7839674341531,193.0
1.292113267409566,103.78396743437,194.0
1.2921157220174173,103.78397123626054,195.0
1.2921192878432903,103.78397727258076,196.0
1.2921291399307702,103.78399049495222,197.0
1.2921483462192318,103.78401228006176,198.0
1.2921743181710639,103.78403532302652,199.0
1.2922038126807338,103.78405867072266,200.0
1.2922369203886843,103.78408948861114,201.0
1.2922751780131607,103.78412724146666,202.0
1.2923172310822362,103.78416753287082,203.0
1.2923567549753014,103.7842094103892,204.0
1.292394690662194,103.7842500291724,205.0
1.2924271907811897,103.78428546263518,206.0
1.2924716099898004,103.78433386246314,207.0
1.2924963130380147,103.78435396285865,208.0
1.2925168465372925,103.78437011291612,209.0
1.2925345700018545,103.78438564308412,210.0
1.2925513056185307,103.784404626942,211.0
1.292564273380581,103.78442000504275,212.0
1.292574578790685,103.78443159538453,213.0
1.2925819357677573,103.78443905362818,214.0
1.2925855354420979,103.78444472587194,215.0
1.2925881927711005,103.78445081904177,216.0
1.2926062316543339,103.7844704298166,217.0
1.292611528443011,103.7844753025111,218.0
1.2926137539263605,103.78447913796035,219.0
1.2926178554583814,103.78448688957059,220.0
1.2926214655049282,103.78449447482845,221.0
1.2926241863417902,103.78450117297757,222.0
1.2926241739487772,103.78450121880964,223.0
1.2926241739400037,103.7845012193888,224.0
1.292624173939519,103.78450121939355,225.0
1.292624173939513,103.78450121939359,226.0
1.292624173939513,103.78450121939359,227.0
1.292624173939513,103.78450121939359,228.0
1.292624173939513,103.78450121939359,229.0
1.2926221809495546,103.78451077658458,230.0
1.2926192366894658,103.7845213582211,231.0
1.2926192371779652,103.78452140596718,232.0
1.2926220649553315,103.78453335606277,233.0
1.2926351442099442,103.78455764015402,234.0
1.2926608741902597,103.78459431213358,235.0
1.2926721228550249,103.78461227505838,236.0
1.2926927376530464,103.78463451809105,237.0
1.292717179051649,103.7846603994436,238.0
1.2927760308154685,103.78470727040708,239.0
1.2928218599559023,103.78474956495548,240.0
1.2928679583095706,103.78479329563244,241.0
1.2929104097275046,103.78483476354656,242.0
1.2929522100953637,103.78487359277756,243.0
1.2929922292591614,103.7849091779673,244.0
1.293031934546405,103.78493368912766,245.0
1.2930725804376428,103.78496087216332,246.0
1.2931165898002313,103.784987522017,247.0
1.2931652839202104,103.78501570207331,248.0
1.2932177819649469,103.78504138821468,249.0
1.2932729737151782,103.78505486280335,250.0
1.2933259080130872,103.785060385295,251.0
1.293374230409969,103.785060845781,252.0
1.2934231531379428,103.7850465502685,253.0
1.293482527440739,103.78502980266965,254.0
1.293541765863428,103.78500794173173,255.0
1.293597426354792,103.78498380838366,256.0
1.2936601160997943,103.78496446110246,258.0
1.2937251928525366,103.784950369074,259.0
1.293786940756982,103.78493994386866,260.0
1.2938428533075144,103.78492823391441,261.0
1.2938961345378395,103.7849277760437,262.0
1.2939426406924106,103.7849320550875,263.0
1.293988304475814,103.78493071938874,264.0
1.2940366914614376,103.78491937976933,265.0
1.2940885809369114,103.78490134620209,266.0
1.2941413394922034,103.78488391193467,267.0
1.2941955206863809,103.78487054899986,268.0
1.2942479956938904,103.78485522575737,269.0
1.294294344275074,103.78482512616655,270.0
1.2943375374175343,103.78479512526118,271.0
1.2943802149076273,103.78476928780314,272.0
1.2944256931154146,103.78474284461119,273.0
1.2944780075508846,103.78470679647478,274.0
1.2945263272630374,103.78466871326896,275.0
1.2945642144479335,103.78463758825012,276.0
1.2945973568529303,103.78460909990973,277.0
1.2946356651892263,103.784575918018,278.0
1.2946737066289231,103.78454226042322,279.0
1.294708533612579,103.7845141207153,280.0
1.2947381454944735,103.7844905982833,281.0
1.2947644171565627,103.78446864182796,282.0
1.2947816193774906,103.7844582872546,283.0
1.2947816193774906,103.7844582872546,284.0
1.2947816193774906,103.7844582872546,285.0
1.2947816193774906,103.7844582872546,286.0
1.2947816193774906,103.7844582872546,287.0
1.2947816193774906,103.7844582872546,288.0
1.294803587872157,103.78444553879153,289.0
1.294803587872157,103.78444553879153,290.0
1.294803587872157,103.78444553879153,291.0
1.294803587872157,103.78444553879153,292.0
1.294803587872157,103.78444553879153,293.0
1.294803587872157,103.78444553879153,294.0
1.294803587872157,103.78444553879153,295.0
1.294803587872157,103.78444553879153,296.0
1.294803587872157,103.78444553879153,297.0
1.294803587872157,103.78444553879153,298.0
1.294803587872157,103.78444553879153,299.0
1.294803587872157,103.78444553879153,300.0
1.294803587872157,103.78444553879153,301.0
1.294803587872157,103.78444553879153,302.0
1.294803587872157,103.78444553879153,303.0
1.294803587872157,103.78444553879153,304.0
1.294803587872157,103.78444553879153,305.0
1.294803587872157,103.78444553879153,306.0
1.294803587872157,103.78444553879153,307.0
1.294803587872157,103.78444553879153,308.0
1.294803587872157,103.78444553879153,309.0
1.294803587872157,103.78444553879153,310.0
1.294803587872157,103.78444553879153,311.0
1.294803587872157,103.78444553879153,312.0
1.294874141761204,103.78440405444296,313.0
1.2949149806371811,103.7843867454001,314.0
1.2949673854748716,103.78436250802739,315.0
1.2950238225904844,103.78433952325513,316.0
1.2950804355092393,103.78432121680018,317.0
1.2950804355092393,103.78432121680018,318.0
1.2950804355092393,103.78432121680018,319.0
1.2952369110515416,103.78428362409906,320.0
1.2952754652129157,103.78426235912498,321.0
1.29529467962318,103.78425049368968,322.0
1.2953137537450967,103.78423238918644,323.0
1.2953228588040304,103.78422312338327,324.0
1.29533737276862,103.78421091433927,325.0
1.2953605798315486,103.78419162112763,326.0
1.2953933704637748,103.78416689380408,327.0
1.2954333546809682,103.78413699480717,328.0
1.2954781240322695,103.78410897525043,329.0
1.2955191543374234,103.7840874403138,330.0
1.2955608174219408,103.78406486350342,331.0
1.2956112696019149,103.78403856460871,332.0
1.2956619799364018,103.78401064131666,333.0
1.2957130063673878,103.78398128863374,334.0
1.2957618711809458,103.78394674088707,335.0
1.295812812928873,103.78391936556731,336.0
1.2958628705860278,103.78389248158422,337.0
1.2959120252314889,103.78386613099673,338.0
1.29592365123292,103.7838463985533,339.0
1.295960725292581,103.78380988711523,340.0
1.2960173934008823,103.78377282820685,341.0
1.2960730485363057,103.78373742274766,342.0
1.296119529396891,103.78370432218176,343.0
1.2961508076779784,103.78366580943958,344.0
1.2961859914247755,103.78364068377665,345.0
1.2962241384487336,103.78360063445173,346.0
1.2962579423907705,103.78356597573737,347.0
1.2962928754131235,103.78353486564262,348.0
1.2963215878339656,103.7835060583372,349.0
1.296370740492391,103.783458167778,350.0
1.296421302257115,103.78340879702448,351.0
1.2964620861518172,103.78335772825366,352.0
1.296523494881125,103.7833278304012,353.0
1.2965980478434858,103.78327674853199,354.0
1.2966740731721704,103.78323102560115,355.0
1.296629717721965,103.7831784999574,356.0
1.2967398361371085,103.78304808770469,357.0
1.2968011096503858,103.78296757029712,358.0
1.2968658091508214,103.78291744032397,359.0
1.2969028519101942,103.78284531176388,360.0
1.2968963534741245,103.78276852167104,361.0
1.296913989351907,103.78272123965696,362.0
1.296935210296475,103.7826625510164,363.0
1.2969470360321134,103.78260525523054,364.0
1.296945985132132,103.78256240198878,365.0
1.2969452967079484,103.782500919154,366.0
1.2969396234154507,103.78243803287197,367.0
1.2969559118538698,103.7823571410733,368.0
1.296982009018873,103.78228065119883,369.0
1.2970089744721662,103.78220328510247,370.0
1.2970391920405038,103.78212575319925,371.0
1.29708219794637,103.78205863156766,372.0
1.2971264219278482,103.78199010252828,373.0
1.2971617045636399,103.78192843180614,374.0
1.2971920563788664,103.78186828054899,375.0
1.2972245574323824,103.78179555374787,376.0
1.297267603297121,103.78172528894927,377.0
1.2972985308980842,103.78167224366176,378.0
1.29732149716591,103.78162925477548,379.0
1.297336847246623,103.78157802534218,380.0
1.2973539745194376,103.78152259999169,381.0
1.2973665605941964,103.78146803665643,382.0
1.2973746448035568,103.78142521313532,383.0
1.2973850122811121,103.78139815140513,384.0
1.2973974214164141,103.78136624369833,385.0
1.2974090803530824,103.78133483085989,386.0
1.2974131317125832,103.78131607421611,387.0
1.2974137491733861,103.78129075780858,388.0
1.2974122900811238,103.78126139381588,389.0
1.2974129634373366,103.78123515645537,390.0
1.2974161478741584,103.78121034142477,392.0
1.2974186853474652,103.78118740981216,393.0
1.2974181884801237,103.78115060484166,394.0
1.297414092686836,103.78111026711566,395.0
1.2974088277487623,103.78106604659885,396.0
1.2974077264853923,103.78104472991654,397.0
1.2974061628448719,103.78102430238948,398.0
1.2974061628448719,103.78102430238948,399.0
1.2974061628448719,103.78102430238948,400.0
1.2974061628448719,103.78102430238948,401.0
1.2974066893000962,103.78100420290549,402.0
1.2974066893000962,103.78100420290549,403.0
1.2974066893000962,103.78100420290549,404.0
1.2974066893000962,103.78100420290549,405.0
1.2974066893000962,103.78100420290549,406.0
1.2974066893000962,103.78100420290549,407.0
1.2974066893000962,103.78100420290549,408.0
1.2974066893000962,103.78100420290549,409.0
1.2974066893000962,103.78100420290549,410.0
1.2974124142695953,103.78099251474197,411.0
1.2974132363848223,103.78098087818633,412.0
1.2974136157926686,103.78096611726163,413.0
1.297413268074446,103.78095376947138,414.0
1.2974109335695538,103.78094065888955,415.0
1.2974078163351652,103.78092099418664,416.0
1.2974104798002473,103.78089667611607,417.0
1.2974122223136038,103.780874483106,418.0
1.2974112958170652,103.78084511684453,419.0
1.2974040098185844,103.78081991260665,420.0
1.2973987317083504,103.78079513225991,421.0
1.297391389701989,103.7807606562912,422.0
1.2973898047292924,103.78072885650835,423.0
1.2973936647033129,103.78070273964077,424.0
1.2973832391257383,103.78068215991064,425.0
1.2973774592919722,103.78066710572638,426.0
1.2973774592919722,103.78066710572638,427.0
1.2973774592919722,103.78066710572638,428.0
1.2973774592919722,103.78066710572638,429.0
1.2973774592919722,103.78066710572638,430.0
1.2973774592919722,103.78066710572638,431.0
1.2973630713140174,103.78062799819728,432.0
1.2973562096368045,103.78061169680726,433.0
1.2973404517829759,103.78057179625938,434.0
1.297323209258599,103.78052545871856,435.0
1.2973067643579028,103.78047887348562,436.0
1.2972871083579298,103.7804411107086,437.0
1.2972774792818698,103.78041303496549,438.0
1.2972683597447918,103.78037885067685,439.0
1.297250312844735,103.78032792157275,440.0
1.297225750943221,103.78026901607987,441.0
1.2971967961413686,103.78020539332002,442.0
1.2971682523150456,103.78012929930931,443.0
1.2971195848308013,103.77997656157811,444.0
1.297095551286102,103.77990454288447,445.0
1.297073928790881,103.77984095407474,446.0
1.297073928790881,103.77984095407474,447.0
1.2970525642161963,103.77977585593428,448.0
1.2970306911497491,103.77970994329905,449.0
1.297023486592488,103.77965321965826,450.0
1.2970273962274572,103.77953875553375,451.0
1.297036152415148,103.77946705388798,452.0
1.2970437192802347,103.77938986822146,453.0
1.2970516402780472,103.77931322097992,454.0
1.2970613566335425,103.77924518260653,455.0
1.2970746779484306,103.7791833777517,456.0
1.2970858247288721,103.77911777120347,457.0
1.297097990039135,103.77905718567952,458.0
1.2971086963466223,103.77899685881546,459.0
1.2971148227936464,103.77895012714204,460.0
1.2971175451446417,103.77891659243093,461.0
1.2971191609203514,103.77888754577413,462.0
1.2971191609203514,103.77888754577413,463.0
1.2971191609203514,103.77888754577413,464.0
1.2971191609203514,103.77888754577413,465.0
1.2971191609203514,103.77888754577413,466.0
1.2971191609203514,103.77888754577413,467.0
1.2971191609203514,103.77888754577413,468.0
1.2971191609203514,103.77888754577413,469.0
1.2971191609203514,103.77888754577413,470.0
1.2971191609203514,103.77888754577413,471.0
1.2971191609203514,103.77888754577413,472.0
1.2971191609203514,103.77888754577413,473.0
1.2971191609203514,103.77888754577413,474.0
1.2971191609203514,103.77888754577413,475.0
1.2971191609203514,103.77888754577413,476.0
1.2971191609203514,103.77888754577413,477.0
1.2971191609203514,103.77888754577413,478.0
1.2971544415605025,103.77881126496412,479.0
1.2971600364066718,103.77879158206599,480.0
1.2971673097908287,103.77876849443386,481.0
1.2971777524130779,103.77873577137389,482.0
1.2971884283816335,103.77869659160804,483.0
1.2971964085412986,103.77865913376809,484.0
1.297208372511923,103.77862112455061,485.0
1.29722210285633,103.77858132510228,486.0
1.2972370702547373,103.77853629920399,487.0
1.2972453880452255,103.77848721268198,488.0
1.2972548464042342,103.77843005189284,489.0
1.297272780635827,103.77836829552608,490.0
1.2972912686134865,103.77831478460529,491.0
1.2973116200690444,103.77826565683539,492.0
1.2973321221802045,103.77820852889798,493.0
1.297353841530006,103.7781381513395,494.0
1.2973724261599677,103.77806216268314,495.0
1.297392639290466,103.77798112124887,496.0
1.2974126174449043,103.77789541724177,497.0
1.2974403688235254,103.77781053190333,498.0
1.2974676005770291,103.77772902604477,499.0
1.297499781010997,103.77765736624413,500.0
1.2975396608219796,103.77758792362437,501.0
1.2975842775007922,103.77752156482987,502.0
1.2976290588368558,103.7774526588135,503.0
1.297673476788879,103.7773888336963,504.0
1.2977198840899746,103.77732225192358,505.0
1.2977677332961846,103.77725941824455,506.0
1.297826101603116,103.77719689363042,507.0
1.297889005558598,103.77712723310829,508.0
1.2979589334214965,103.77705320761771,509.0
1.2980262495636257,103.77698769753205,510.0
1.2980913956778382,103.77692602988876,511.0
1.298155181171825,103.77686392097696,512.0
1.2982137004472087,103.77679931486432,513.0
1.298273945768865,103.77674374162979,514.0
1.2983457330930634,103.77669536011413,515.0
1.2984127371026135,103.77664318333943,516.0
1.2984560329338717,103.77662430516914,517.0
1.298485163919169,103.77660977231794,518.0
1.298485163919169,103.77660977231794,519.0
1.298516835213875,103.77659547355053,520.0
1.298516835213875,103.77659547355053,521.0
1.298516835213875,103.77659547355053,522.0
1.298516835213875,103.77659547355053,523.0
1.298516835213875,103.77659547355053,524.0
1.2985949742260807,103.77656262451126,525.0
1.2986247154192905,103.77652812992216,526.0
1.2986502676035199,103.77649514806215,527.0
1.2986724251629278,103.77646042608919,528.0
1.2986961035752613,103.77642975992974,529.0
1.2987180453763276,103.77639174435701,530.0
1.2987410429997315,103.77634877387044,531.0
1.298760172954837,103.77631331875214,532.0
1.2987775897708418,103.77627946318012,533.0
1.2987917649688028,103.77624890119901,534.0
1.2988052314513192,103.77620927787383,535.0
1.2988160848202952,103.7761655969845,536.0
1.2988251826763724,103.77613030428674,537.0
1.298830588241746,103.77609456063968,538.0
1.2988363018321454,103.7760538783939,539.0
1.2988374917665562,103.77601665646493,540.0
1.2988330441952933,103.7759803520724,541.0
1.298827828266368,103.7759401836982,542.0
1.2988190478224602,103.7759062799206,543.0
1.298810124949162,103.77587591710916,544.0
1.2987982761136814,103.77584127075437,545.0
1.2987935225815601,103.77580614425193,546.0
1.2987928081031408,103.77577425732895,547.0
1.2987898750404965,103.77575104068278,548.0
1.2987898750404965,103.77575104068278,549.0
1.2987898750404965,103.77575104068278,550.0
1.2987898750404965,103.77575104068278,551.0
1.2987898750404965,103.77575104068278,552.0
1.2987898750404965,103.77575104068278,553.0
1.2987898750404965,103.77575104068278,554.0
1.2987898750404965,103.77575104068278,555.0
1.2987898750404965,103.77575104068278,556.0
1.2987898750404965,103.77575104068278,557.0
1.2987898750404965,103.77575104068278,558.0
1.2987898750404965,103.77575104068278,559.0
1.2987898750404965,103.77575104068278,561.0
1.2987898750404965,103.77575104068278,562.0
1.2987898750404965,103.77575104068278,563.0
1.2987898750404965,103.77575104068278,564.0
1.2987898750404965,103.77575104068278,565.0
1.2987899770570897,103.77569601231319,566.0
1.2987916359914145,103.77567560934938,567.0
1.2987937176894349,103.7756495211168,568.0
1.2987999301769482,103.77561027767136,569.0
1.2988060162271053,103.77556426359088,570.0
1.2988139304968846,103.77551564227434,571.0
1.2988244927789308,103.77545704371079,572.0
1.2988375282266937,103.77539457758219,573.0
1.2988540994574982,103.77532464355454,574.0
1.2988680529684167,103.77527123636082,575.0
1.2988818112634164,103.77522206038249,576.0
1.29889941638171,103.77516443088486,577.0
1.2989304753697513,103.77510637456886,578.0
1.2989535610392566,103.77506403080324,579.0
1.298978582146705,103.77502432501866,580.0
1.2990043741718915,103.77498746210946,581.0
1.2990199177644592,103.7749569946111,582.0
1.299036350324713,103.77493483286179,583.0
1.2990581684957252,103.77489550990062,584.0
1.2990866003022166,103.77484328211031,585.0
1.2991145612222235,103.77479395102625,586.0
1.2991395691411078,103.77474840070708,587.0
1.2991592618665375,103.77470221833774,588.0
1.2991785787496273,103.77465239863463,589.0
1.2991924874355298,103.77460854875831,590.0
1.2991962154292436,103.77457021184222,591.0
1.2991895324282112,103.7745395816456,592.0
1.2991808003304866,103.77450611158727,593.0
1.2991761339529764,103.77447656832459,594.0
1.2991564007002379,103.77444689079505,595.0
1.299132363669759,103.77442128668086,596.0
1.29910099769313,103.77440742697156,597.0
1.2990677790483738,103.77439423216946,598.0
1.299040686280971,103.77438579079522,599.0
1.2990210758294694,103.77438179235553,600.0
1.2990210758294694,103.77438179235553,601.0
1.2990210758294694,103.77438179235553,602.0
1.2990210758294694,103.77438179235553,603.0
1.2990210758294694,103.77438179235553,604.0
1.2990210758294694,103.77438179235553,605.0
1.2990210758294694,103.77438179235553,606.0
1.2990210758294694,103.77438179235553,607.0
1.2990210758294694,103.77438179235553,608.0
1.2990210758294694,103.77438179235553,609.0
1.2990210758294694,103.77438179235553,610.0
1.2990210758294694,103.77438179235553,611.0
1.2990210758294694,103.77438179235553,612.0
1.2990210758294694,103.77438179235553,613.0
1.2990210758294694,103.77438179235553,614.0
1.2990081807969671,103.77438024349055,615.0
1.2989991056628567,103.77437778871688,616.0
1.298986481646733,103.77437334581576,617.0
1.298967593423788,103.77436731570523,618.0
1.2989464851926893,103.77434896966187,619.0
1.2989263455949314,103.77432982791038,620.0
1.298903418218676,103.77430905657441,621.0
1.298874803596852,103.77428253538633,622.0
1.298849441569245,103.77426299508717,623.0
1.2988226366710838,103.77424328466056,624.0
1.2987843565011685,103.77421916999093,625.0
1.298743695131287,103.77419286370845,626.0
1.298694506303202,103.77415976933098,627.0
1.2986422160244053,103.7741205520493,628.0
1.2985900082629855,103.77407180798753,629.0
1.2985357214773536,103.77402669041695,630.0
1.2984780353345284,103.77397977709003,631.0
1.2984211847935139,103.77391848320542,632.0
1.298370517204195,103.77385082899123,633.0
1.298319699623499,103.77378248146736,634.0
1.2982715008967172,103.77370674727578,635.0
1.2982218896965043,103.77363220264606,636.0
1.2981794656213603,103.773567933673,637.0
1.298109328614007,103.77345559083395,638.0
1.2980658112448136,103.77338948520678,639.0
1.2980284767237744,103.77332740412885,640.0
1.2979927667128295,103.77327188606431,641.0
1.2979566002479224,103.77322031616401,642.0
1.2979100287468446,103.7731727631525,643.0
1.297869012209635,103.77313547601024,644.0
1.2978214813322342,103.7730981443322,645.0
1.2977700430481849,103.77307048124962,646.0
1.2977198463736566,103.77305153008949,647.0
1.297679677008631,103.77303952954504,648.0
1.2976189561852107,103.77301951758467,649.0
1.2975506242861456,103.77298693812412,650.0
1.2974895714567933,103.77297549304885,651.0
1.2974318221089975,103.77296502238178,652.0
1.297390130962007,103.7729557061615,653.0
1.2973557953953287,103.77294293060699,654.0
1.2973209224834552,103.77292293409876,655.0
1.297294814499097,103.77289358421676,656.0
1.2972681953815062,103.77287120019666,657.0
1.2972338242903374,103.77286443599174,658.0
1.2971979833676115,103.7728602549484,659.0
1.297165497906273,103.77285327494745,660.0
1.2971370485837987,103.77284419163007,661.0
1.2971041582869502,103.77283263100351,662.0
1.2970670861799014,103.7728204602874,663.0
1.2970227534730083,103.77280264103825,664.0
1.2969748193499753,103.77278056687936,665.0
1.2969377181190531,103.77276264023817,666.0
1.2969062109620362,103.7727495054088,667.0
1.296874822401015,103.77273472685691,668.0
1.2968435217066512,103.77271989755,669.0
1.2968110328324338,103.77270418017925,670.0
1.2967749821221173,103.7726686513863,671.0
1.29674451276655,103.77264043977323,672.0
1.2967142348934602,103.77261438021445,673.0
1.2966820588973362,103.77258541471663,674.0
1.296649445869801,103.77255409295887,675.0
1.296615805074891,103.77252219078292,676.0
1.2965820621846311,103.772489850672,677.0
1.2965485085826516,103.77245583323959,678.0
1.2965102823165995,103.77241771964349,679.0
1.2964802718183073,103.77238155672352,680.0
1.2964555448312927,103.77235369073624,681.0
1.2964440257005845,103.77233384450868,682.0
1.2964369668342361,103.77231891836794,683.0
1.2964369668342361,103.77231891836794,685.0
1.2964369668342361,103.77231891836794,686.0
1.2964369668342361,103.77231891836794,687.0
1.2964369668342361,103.77231891836794,688.0
1.2964369668342361,103.77231891836794,689.0
1.2964369668342361,103.77231891836794,690.0
1.2964369668342361,103.77231891836794,691.0
1.2964369668342361,103.77231891836794,692.0
1.2964383401355974,103.7723041448629,693.0
1.2964383401355974,103.7723041448629,694.0
1.2964383401355974,103.7723041448629,695.0
1.2964383401355974,103.7723041448629,696.0
1.2964383401355974,103.7723041448629,697.0
1.2964383401355974,103.7723041448629,698.0
1.2964383401355974,103.7723041448629,699.0
1.2964383401355974,103.7723041448629,700.0
1.2964383401355974,103.7723041448629,701.0
1.2964383401355974,103.7723041448629,702.0
1.2964383401355974,103.7723041448629,703.0
1.2964383401355974,103.7723041448629,704.0
1.2964383401355974,103.7723041448629,705.0
1.2964383401355974,103.7723041448629,706.0
1.2964105381744893,103.77224229050951,707.0
1.2963918862626507,103.77219689942736,708.0
1.2963757827105014,103.77215424081918,709.0
1.296371346642051,103.77211745428035,710.0
1.296371346642051,103.77211745428035,711.0
1.2963537289480733,103.77201952279114,712.0
1.296338658611934,103.77196138671181,713.0
1.296326566636037,103.77190700762408,714.0
1.2963129297409808,103.77185043014265,715.0
1.2963056260438155,103.77178843261554,716.0
1.296296693216326,103.77171236698456,717.0
1.2962827296840245,103.77163544882745,718.0
1.2962638954254018,103.77156798945491,719.0
1.2962605889932237,103.77149465151774,720.0
1.2962610100829581,103.77144203175368,721.0
1.296267591401589,103.77139047579803,722.0
1.2962627162838911,103.77133903258049,723.0
1.2962585354246303,103.77129763808617,724.0
1.2962622354776925,103.77126847928393,725.0
1.2962642424599158,103.77124493665717,726.0
1.296265663706376,103.77123029508186,727.0
1.2962654016893114,103.77121687536255,728.0
1.2962655176543332,103.77120719492709,729.0
1.2962655176543332,103.77120719492709,730.0
1.2962655176543332,103.77120719492709,731.0
1.2962655176543332,103.77120719492709,732.0
1.2962655176543332,103.77120719492709,733.0
1.2962655176543332,103.77120719492709,734.0
1.2962655176543332,103.77120719492709,735.0
1.2962655176543332,103.77120719492709,736.0
1.2962655176543332,103.77120719492709,737.0
1.2962655176543332,103.77120719492709,738.0
1.2962655176543332,103.77120719492709,739.0
1.2962655176543332,103.77120719492709,740.0
1.2962655176543332,103.77120719492709,741.0
1.2962655176543332,103.77120719492709,742.0
1.2962655176543332,103.77120719492709,743.0
1.2962655176543332,103.77120719492709,744.0
1.2962655176543332,103.77120719492709,745.0
1.2962655176543332,103.77120719492709,746.0
1.2962636652512622,103.77114574604711,747.0
1.2962590364151403,103.77111755329909,748.0
1.2962518515242805,103.77108978991949,749.0
1.2962404437222572,103.77105392752341,750.0
1.2962080157074238,103.77101415860656,751.0
1.2961702438963894,103.77098165439267,752.0
1.2961289655027048,103.77095952372791,753.0
1.296074462123428,103.77094713646262,754.0
1.2960058585492604,103.77093483019816,755.0
1.295968078369661,103.77093170526432,756.0
1.295968078369661,103.77093170526432,757.0
1.2958398498520378,103.77092659470696,758.0
1.2957679276262868,103.77092117414553,759.0
1.2957037477453135,103.7709160135185,760.0
1.2956412920126241,103.77089615693352,761.0
1.2955670400646406,103.77086137967284,762.0
1.2954927569397696,103.77081954440308,763.0
1.29543060170183,103.77079301640622,764.0
1.2953632733374214,103.7707655015989,765.0
1.295300013057177,103.77073948174471,766.0
1.2952313100042179,103.77071301379165,767.0
1.295173947267779,103.7706935390847,768.0
1.2951218020280295,103.77067425529991,769.0
1.2950689302158715,103.77065763431696,770.0
1.2950204288552962,103.7706458886073,771.0
1.2949693429893427,103.770635538718,772.0
1.2949269547495128,103.77063476545621,773.0
1.2948809371200618,103.77064304209891,774.0
1.2948380936408517,103.77065082075373,775.0
1.2948027338511439,103.77065644423098,776.0
1.2947779054106405,103.77065575835807,777.0
1.2947662037494703,103.77065574507115,778.0
1.2947662037494703,103.77065574507115,779.0
1.2947662037494703,103.77065574507115,780.0
1.2947662037494703,103.77065574507115,781.0
1.2947662037494703,103.77065574507115,782.0
1.2947662037494703,103.77065574507115,783.0
1.2947662037494703,103.77065574507115,784.0
1.2947662037494703,103.77065574507115,785.0
1.2947662037494703,103.77065574507115,787.0
1.2947662037494703,103.77065574507115,788.0
1.2947662037494703,103.77065574507115,789.0
1.2947662037494703,103.77065574507115,790.0
1.294753989085456,103.77065188784545,791.0
1.2947411304906842,103.7706520021954,792.0
1.2947262216127793,103.77065552019394,793.0
1.2946986082011305,103.77066070119851,794.0
1.2946598136116232,103.77066071177974,795.0
1.294619839946538,103.77066056513003,796.0
1.294583818384814,103.77065734264232,797.0
1.294538216439226,103.77065576085235,798.0
1.2944829274763234,103.77067086394267,799.0
1.2944244851727986,103.77068693242748,800.0
1.2943659025868954,103.7707077467856,801.0
1.2943090308615497,103.77072822809293,802.0
1.2942481615526111,103.77074842824192,803.0
1.2941750660173885,103.7707700758058,804.0
1.2941093206354808,103.77078795530785,805.0
1.2940436337639345,103.77081130006701,806.0
1.2939814182256835,103.77086618015123,807.0
1.2939170024986246,103.77092231290798,808.0
1.2938577798671804,103.77097501669778,809.0
1.2938005013210738,103.77102703005542,810.0
1.2937560747283159,103.77107936595428,811.0
1.293709404570504,103.77114093460327,812.0
1.2936596290960922,103.77122000938186,813.0
1.293614584136115,103.77129526797098,814.0
1.2935738707128022,103.77137266036371,815.0
1.293539195969367,103.77144604201084,816.0
1.293510280457072,103.77151488847683,817.0
1.2934807630790446,103.77159559647288,818.0
1.2934528047463265,103.77174857076348,819.0
1.2934460715605924,103.77179523027226,820.0
1.293442214602931,103.77182847488261,821.0
1.2934395535061514,103.77184985266521,822.0
1.2934395535061514,103.77184985266521,823.0
1.2934395535061514,103.77184985266521,824.0
1.2934395535061514,103.77184985266521,825.0
1.2934395535061514,103.77184985266521,826.0
1.2934395535061514,103.77184985266521,827.0
1.2934395535061514,103.77184985266521,828.0
1.2934395535061514,103.77184985266521,829.0
1.2934395535061514,103.77184985266521,830.0
1.2934395535061514,103.77184985266521,831.0
1.2934395535061514,103.77184985266521,832.0
1.2934395535061514,103.77184985266521,833.0
1.2934395535061514,103.77184985266521,834.0
1.2934395535061514,103.77184985266521,835.0
1.2934369180117045,103.77187943752429,836.0
1.2934329678432221,103.7719096669644,837.0
1.2934282338541725,103.77194277758183,838.0
1.2934244670161235,103.77197768020012,839.0
1.2934240290096155,103.77200373698358,840.0
1.2934235430035341,103.77202531090514,841.0
1.293424153242503,103.7720459140587,842.0
1.2934437632743974,103.77206752815081,843.0
1.2934757929463336,103.7720878927459,844.0
1.2935133815120188,103.77210803122222,845.0
1.2935566689812006,103.77212753098947,846.0
1.2936098392366402,103.77213375618526,847.0
1.2936637517357503,103.77214374800562,848.0
1.2937108134616389,103.77216341611677,849.0
1.293752558904325,103.77218191180759,850.0
1.2937920651902937,103.77220282509573,851.0
1.2938166823570199,103.77222488731881,852.0
1.2938440816435566,103.77225051420046,853.0
1.2938805467356165,103.7722754510591,854.0
1.2939213501991234,103.77230512465201,855.0
1.293951919273917,103.77232807028298,856.0
1.2939859190035332,103.77235374437201,857.0
1.2940228952463302,103.77237888581574,858.0
1.2940607112149423,103.77240839599588,859.0
1.294090296082102,103.77243390013521,860.0
1.2941057384968229,103.77245260303113,861.0
1.2941057384968229,103.77245260303113,862.0
1.2941057384968229,103.77245260303113,863.0
1.2941057384968229,103.77245260303113,864.0
1.294125413030119,103.7724691922211,865.0
1.2941408857390087,103.77248582342403,866.0
1.294162959964622,103.77251052919337,867.0
1.2941883775882381,103.77253942105182,868.0
1.2942166486083109,103.77257231552615,869.0
1.2942473439319089,103.77260961167157,870.0
1.2942805226801772,103.77264473812458,871.0
1.294318898246197,103.7726818249315,872.0
1.294357003181163,103.77271895693202,873.0
1.2944029688111887,103.77275573679447,874.0
1.2944549005866286,103.77278825721716,875.0
1.2945087353165463,103.7728173752986,877.0
1.2945637471099118,103.77284023939832,878.0
1.2946167175560184,103.77286277192191,879.0
1.29467293340947,103.77288276540119,880.0
1.2947348854476037,103.77290693135201,881.0
1.2947995727627506,103.77293616590497,882.0
1.294865242088882,103.77297620259567,883.0
1.2949140072656715,103.77302554229907,884.0
1.2949552258312504,103.77308150153395,885.0
1.2949759108441565,103.77313515208326,886.0
1.2949822113876104,103.77318070481232,887.0
1.2949792617696534,103.77323651615794,888.0
1.294975548536537,103.77328948354292,889.0
1.294968238746658,103.77332962091664,890.0
1.2949554386625706,103.77336202892043,891.0
1.2949383893121507,103.77339363245969,892.0
1.2949164693935102,103.77342724557417,893.0
1.2948910825732536,103.77345558499924,894.0
1.2948684520121425,103.77347756924195,895.0
1.2948440262708776,103.77349749208788,896.0
1.2948212570693804,103.77351986062129,897.0
1.2948004482730466,103.77354030119889,898.0
1.2947683547413245,103.77357182943278,899.0
1.2946968446518865,103.77364255179293,900.0
1.2946692907341808,103.77367228009882,901.0
1.2946461156265014,103.77369811619515,902.0
1.294620725834432,103.7737264401444,903.0
1.2945969714029164,103.77375248146913,904.0
1.294579636379488,103.77377064475601,905.0
1.2945539258277559,103.77378829659234,906.0
1.2945193253233387,103.77380134566181,907.0
1.2944855379452882,103.77380637091092,908.0
1.2944518077786897,103.77380391031055,909.0
1.294420107713692,103.77379540896858,910.0
1.294389975980087,103.77378369118125,911.0
1.2943620173018653,103.77376685022516,912.0
1.2943472981523065,103.77375748147716,913.0
1.2943472963398623,103.77375748232097,914.0
1.294347296312492,103.77375748232842,915.0
1.2943308041483077,103.77374342344223,916.0
1.2943308041483077,103.77374342344223,917.0
1.2943308041483077,103.77374342344223,918.0
1.2943308041483077,103.77374342344223,919.0
1.2943308041483077,103.77374342344223,920.0
1.2943308041483077,103.77374342344223,921.0
1.2943308041483077,103.77374342344223,922.0
1.2943308041483077,103.77374342344223,923.0
1.2943308041483077,103.77374342344223,924.0
1.2943308041483077,103.77374342344223,925.0
1.2943308041483077,103.77374342344223,926.0
1.2943308041483077,103.77374342344223,927.0
1.2942642233004718,103.77371524979515,928.0
1.2942474186655064,103.77367891139076,929.0
1.2942419765452065,103.77363983392527,930.0
1.2942520171850815,103.7735926545057,931.0
1.2942723828290226,103.77355653144343,932.0
1.294295143343514,103.77352527174274,933.0
1.2943646615891213,103.77346299290237,934.0
1.294405591450908,103.77342905323883,935.0
1.2944405168680737,103.77340269099489,936.0
1.294477524520296,103.77337472027364,937.0
1.294516627379163,103.7733441771397,938.0
1.2945445261154211,103.77330896682123,939.0
1.294557977682984,103.77327331732415,940.0
1.2945558987600185,103.77323653875872,941.0
1.2945430199873944,103.77320726091571,942.0
1.2945300404564706,103.77317677875989,943.0
1.2945249207379643,103.77313779265411,944.0
1.2945281283635721,103.77309748189285,945.0
1.2945416373258753,103.77306489167215,946.0
1.2945539729791347,103.77303515570507,947.0
1.2945601441360974,103.77301848997774,948.0
1.2945691410649363,103.77299669902315,949.0
1.2945789990749053,103.7729744124329,950.0
1.2945768725864297,103.77295548251858,951.0
1.294561811404052,103.77293057583175,952.0
1.2945347725999847,103.77290779535501,953.0
1.2945037643561017,103.77288518192266,954.0
1.2944632711346622,103.77286668966354,955.0
1.2944299786231315,103.77285013620792,956.0
1.2943942614976152,103.77282815252703,957.0
1.2943561479550192,103.77280221393337,958.0
1.2943180899295488,103.77277513824237,959.0
1.294285021799146,103.77275225092393,960.0
1.2942631499810833,103.77273712519589,961.0
1.294249172668801,103.77272692495954,962.0
1.2942381752102894,103.77271611123177,963.0
1.2942381752102894,103.77271611123177,964.0
1.2942381752102894,103.77271611123177,965.0
1.2942381752102894,103.77271611123177,966.0
1.2942080911597487,103.77266766612985,967.0
1.29418793677526,103.77264671258426,968.0
1.2941635412063828,103.7726245369997,969.0
1.294137127522097,103.77259018116433,970.0
1.2941109081474051,103.77255739819704,971.0
1.2940829237236215,103.77252565273629,972.0
1.2940520878675386,103.77249418838778,973.0
1.2940198967942271,103.77247127734147,974.0
1.293981688487112,103.77244156159205,975.0
1.293947150241723,103.77240055122968,976.0
1.2939120535338962,103.77235631178144,977.0
1.2938764097042432,103.77231773875657,978.0
1.2938426230504516,103.77228942508783,979.0
1.2938081003617705,103.77225981587502,980.0
1.2938081003617705,103.77225981587502,981.0
1.2937559544223882,103.77221880935467,982.0
1.2937246957690325,103.77219995286212,983.0
1.2936923003777092,103.7721876921862,984.0
1.2936600775687508,103.77216698715797,985.0
1.2936299584304871,103.77215000798375,986.0
1.293595719435824,103.7721377264022,987.0
1.2935679272220781,103.77212673992544,988.0
1.293544208192262,103.77212209136785,989.0
1.2935259114670383,103.77212676683646,990.0
1.2935259114670383,103.77212676683646,991.0
1.2935259114670383,103.77212676683646,992.0
1.2935259114670383,103.77212676683646,993.0
1.2935259114670383,103.77212676683646,994.0
1.2935259114670383,103.77212676683646,995.0
1.2934961758601948,103.77213403987307,996.0
1.2934687546371737,103.77213725227972,997.0
1.2934391916490608,103.7721530513656,998.0
1.2934127044732378,103.77219391094523,999.0
1.2933951752850386,103.77225088462909,1000.0
1.293375990285163,103.77232394392306,1001.0
1.293360053769701,103.77238969997606,1002.0
1.2933456921123372,103.77244705090285,1003.0
1.2933255234578478,103.7725107174571,1004.0
1.2933036152302124,103.77257640758737,1005.0
1.2932790885782022,103.77264729418688,1006.0
1.293258268392141,103.77270607376065,1007.0
1.2932374701500429,103.77276109282126,1008.0
1.2932153653070932,103.77281554809687,1009.0
1.2931977668968802,103.77287564534637,1010.0
1.2931730237031045,103.77292244567053,1011.0
1.2931505023318652,103.77296290137788,1012.0
1.2931332050846003,103.77298982159213,1013.0
1.2931090626447437,103.77302474598342,1014.0
1.2930844007928863,103.7730619315792,1015.0
1.2930443874796635,103.77311486916184,1016.0
1.293002555381857,103.77316732617822,1017.0
1.292951798883765,103.77323219638016,1018.0
1.2928935777442483,103.77330595286172,1019.0
1.2928334247218134,103.77338112120101,1020.0
1.2927579613925275,103.77345293493748,1021.0
1.2926778260449177,103.7735213917819,1022.0
1.2926057181010462,103.77357871785004,1024.0
1.2925408077538414,103.77361609163437,1025.0
1.2924822107017266,103.77365091992131,1026.0
1.2924244553031188,103.77368511790293,1027.0
1.292381861399949,103.77373293542564,1028.0
1.2923468578435733,103.77377708158804,1029.0
1.2923169313386957,103.77382002050318,1030.0
1.2922908265232849,103.7738604990542,1031.0
1.2922719194065204,103.77389613043944,1032.0
1.2922626697778656,103.77392074610886,1033.0
1.2922602855545715,103.77393348339932,1034.0
1.2922576202146565,103.77394749591907,1035.0
1.2922422809197813,103.77398115150446,1036.0
1.2922422809197813,103.77398115150446,1037.0
1.2922422809197813,103.77398115150446,1038.0
1.292210000792609,103.77407786458146,1039.0
1.292210000792609,103.77407786458146,1040.0
1.292210000792609,103.77407786458146,1041.0
1.292210000792609,103.77407786458146,1042.0
1.292210000792609,103.77407786458146,1043.0
1.292210000792609,103.77407786458146,1044.0
1.292210000792609,103.77407786458146,1045.0
1.292210000792609,103.77407786458146,1046.0
1.292210000792609,103.77407786458146,1047.0
1.292210000792609,103.77407786458146,1048.0
1.292210000792609,103.77407786458146,1049.0
1.292210000792609,103.77407786458146,1050.0
1.292210000792609,103.77407786458146,1051.0
1.2922242800589077,103.77421178107451,1052.0
1.2922242800589077,103.77421178107451,1053.0
1.2922242800589077,103.77421178107451,1054.0
1.2922159905092632,103.7743566680099,1055.0
1.2922150410467264,103.77440666844196,1056.0
1.2922151559715616,103.77445472326437,1057.0
1.2922174587838855,103.77450191254216,1058.0
1.2922362170562582,103.77455346347836,1059.0
1.2922514179268625,103.77458524137079,1060.0
1.292278766799167,103.7746070561795,1061.0
1.2923068710570889,103.77463555251704,1062.0
1.2923202127121451,103.77466513533041,1063.0
1.2923250606554595,103.77467650598092,1064.0
1.2923542535071852,103.77470498844637,1065.0
1.2923928043990829,103.77473726265734,1066.0
1.2924550321094614,103.7747416835566,1067.0
1.2925328644063576,103.77475157738257,1068.0
1.2926025896794318,103.77477283027953,1069.0
1.292674382298979,103.77479684848677,1070.0
1.2927429993948514,103.77482859229664,1071.0
1.2928167957702408,103.77486532527898,1072.0
1.2929099833330802,103.77490063344081,1073.0
1.2929723061767453,103.77492500112535,1074.0
1.2930362914312876,103.77494836270262,1075.0
1.2930707458568156,103.77496184704208,1076.0
1.2931100015088413,103.77497293814945,1077.0
1.2931555845597287,103.7749867472729,1078.0
1.2932089247931637,103.77500749679157,1079.0
1.2932421078929661,103.77503188858138,1080.0
1.2932858258254123,103.77506707407589,1081.0
1.2932858258254123,103.77506707407589,1082.0
1.2932858258254123,103.77506707407589,1083.0
1.2932858258254123,103.77506707407589,1084.0
1.2932858258254123,103.77506707407589,1085.0
1.2932858258254123,103.77506707407589,1086.0
1.2932858258254123,103.77506707407589,1088.0
1.2932858258254123,103.77506707407589,1089.0
1.2932858258254123,103.77506707407589,1090.0
1.2932858258254123,103.77506707407589,1091.0
1.2932858258254123,103.77506707407589,1092.0
1.2932858258254123,103.77506707407589,1093.0
1.2932858258254123,103.77506707407589,1094.0
1.2932858258254123,103.77506707407589,1095.0
1.2932858258254123,103.77506707407589,1096.0
1.2932858258254123,103.77506707407589,1097.0
1.2932858258254123,103.77506707407589,1098.0
1.2932858258254123,103.77506707407589,1099.0
1.2932858258254123,103.77506707407589,1100.0
1.2932858258254123,103.77506707407589,1101.0
1.2932858258254123,103.77506707407589,1102.0
1.293404566828166,103.77524380438764,1103.0
1.2934488141392897,103.77524886248302,1104.0
1.293491355350268,103.77525284134933,1105.0
1.2935361315274034,103.77526881338957,1106.0
1.2935852752237667,103.7752892230534,1107.0
1.2936088284141587,103.77534455424532,1108.0
1.293629576777492,103.77540040122024,1109.0
1.2936403082607046,103.77545997527096,1110.0
1.2936546512875422,103.77551894029646,1111.0
1.2936697373972283,103.77557828427076,1112.0
1.2936838961626445,103.77563988983542,1113.0
1.2936958508595915,103.77569857625444,1114.0
1.2937119744228796,103.77575880026325,1115.0
1.2937279627593143,103.77581758599405,1116.0
1.2937430777250314,103.77587682944252,1117.0
1.2937518776678945,103.77594751700842,1118.0
1.293757132271694,103.7760143570737,1119.0
1.2937599416639514,103.77608515615816,1120.0
1.2937669322383658,103.77615723484662,1121.0
1.2937739968198332,103.77622668855447,1122.0
1.293782591317022,103.7762851452136,1123.0
1.293789227754749,103.77641024668839,1124.0
1.2937963538269401,103.77647015947198,1125.0
1.2938021648995317,103.77652165646111,1126.0
1.2938087252476465,103.77657645446166,1127.0
1.2938173063259233,103.77663353891515,1128.0
1.2938253929585966,103.77669400585775,1129.0
1.2938199377712756,103.77673987227332,1130.0
1.2938113044434554,103.77679858142517,1131.0
1.2937915922106429,103.77685200437823,1132.0
1.2937629973055391,103.77689789506884,1133.0
1.2937302461780302,103.77694938887527,1134.0
1.293700235741494,103.77700394241931,1135.0
1.293667765844466,103.777057401884,1136.0
1.2936345499849018,103.77711536515991,1137.0
1.2935933731375708,103.77718300731279,1138.0
1.2935521837010981,103.77725150318236,1139.0
1.2935080695651442,103.77733041930543,1140.0
1.2934592718280777,103.77740593434454,1141.0
1.2934040017458548,103.77748674166735,1142.0
1.2933529584166863,103.77756271745226,1143.0
1.2932983328891943,103.7776384542537,1144.0
1.2932471822714298,103.777714172802,1145.0
1.2931968126456896,103.7777944032022,1146.0
1.2931528117941395,103.77786631085392,1147.0
1.2931096333361336,103.77794539628758,1148.0
1.2930771592887762,103.7780414099513,1149.0
1.2930459504463223,103.77813584691033,1150.0
1.2930164317808348,103.77822550577156,1151.0
1.2929971468143238,103.77830963344061,1152.0
1.2929851061853779,103.7784080062236,1153.0
1.2929729579587976,103.77851214137412,1154.0
1.292966466752178,103.77860701988249,1155.0
1.2929618322430776,103.77869407801627,1156.0
1.2929542355435444,103.77877711676256,1157.0
1.2929412050537565,103.77885689666373,1158.0
1.2929205685798633,103.7789408737017,1159.0
1.2928752885099621,103.7790184504749,1160.0
1.2928295115108022,103.77909773279818,1161.0
1.2927835050882555,103.77917983820839,1162.0
1.2927457770933657,103.7792470157926,1163.0
1.2926958491154772,103.77932523811445,1164.0
1.2926448256417218,103.77940208444355,1165.0
1.29260370305003,103.77945685731092,1166.0
1.2925549883012326,103.77951772032,1167.0
1.2925054787246966,103.7795773625548,1168.0
1.2924649606039897,103.77962756213077,1169.0
1.2924200210662589,103.77969180807455,1170.0
1.2923708283271873,103.7797638889875,1171.0
1.2923372529164512,103.77981098117353,1172.0
1.2923211910884436,103.77985683790705,1173.0
1.292301221277021,103.77989661729957,1174.0
1.29228311529584,103.77993233987596,1175.0
1.2922664123506704,103.77996841252116,1176.0
1.2922542320961488,103.77999331777781,1177.0
1.2922401238526828,103.78002757008821,1178.0
1.2922281716457338,103.78005927209264,1179.0
1.2922156568185914,103.78009387185065,1180.0
1.292197647610894,103.78013562757785,1181.0
1.292180368052448,103.78017313643879,1182.0
1.2921622433473954,103.7802083276352,1183.0
1.292140844808816,103.78023130840886,1184.0
1.2921169201545217,103.78025474235308,1185.0
1.2920849701124204,103.78028464608917,1186.0
1.2920599789614147,103.78030514216928,1187.0
1.2920321824261363,103.78032738450197,1188.0
1.2920116123722114,103.78034169698518,1189.0
1.2919978612000005,103.7803518119733,1190.0
1.2919839997861362,103.78037137097098,1191.0
1.2919698223223532,103.78039438076655,1192.0
1.2919620652796515,103.78041054231782,1193.0
1.2919620652796515,103.78041054231782,1194.0
1.2919620652796515,103.78041054231782,1195.0
1.2919620652796515,103.78041054231782,1196.0
1.2919620652796515,103.78041054231782,1197.0
1.2919620652796515,103.78041054231782,1198.0
1.2919620652796515,103.78041054231782,1199.0
1.2919620652796515,103.78041054231782,1200.0
1.2919620652796515,103.78041054231782,1201.0
1.2919620652796515,103.78041054231782,1202.0
1.2919620652796515,103.78041054231782,1203.0
1.2919620652796515,103.78041054231782,1204.0
1.2919620652796515,103.78041054231782,1205.0
1.2919620652796515,103.78041054231782,1206.0
1.2919620652796515,103.78041054231782,1207.0
1.2919620652796515,103.78041054231782,1209.0
1.2919620652796515,103.78041054231782,1210.0
1.2919620652796515,103.78041054231782,1211.0
1.2918973485352792,103.78046151754897,1212.0
1.2918973485352792,103.78046151754897,1213.0
1.2918973485352792,103.78046151754897,1214.0